4193114     4139269     4091025     4048508     4040389
596993      587073      569273      553120      550043
3993390     3867333     3762394     3679056     3665339
2423743     2394098     2370666     2354343     2350624
31147208    30875920    30414114    29950111    29811427
3560884     3459995     3367567     3303862     3294473
3272325     3274997     3288640     3289056     3287116
699475      690158      680495      669063      666168
576358      584183      593239      603814      606900
13713593    13504775    13289497    13018365    12938071
6894092     6759474     6621279     6506531     6478149
1161508     1149926     1131412     1112703     1108229
1101204     1066490     1038915     1011882     1006734
11725984    11635197    11535973    11446979    11430602
5701965     5648649     5602062     5555097     5544156
2820525     2806923     2791227     2779769     2776831
2547605     2526042     2495209     2480683     2477588
3792288     3756358     3714686     3692584     3686892
4284749     4270849     4240950     4219179     4221826
1238256     1235748     1235439     1231296     1227928
4942504     4902545     4856176     4797431     4780753
6010884     5993474     5998652     6018664     6016425
9529240     9470323     9395022     9310462     9295287
4521709     4471503     4427429     4387283     4375665
2635574     2610193     2591230     2577426     2575475
5237757     5193686     5157770     5126370     5116901
839876      822436      807837      799824      799065
1612149     1602406     1590805     1580664     1578417
1380197     1330694     1285046     1218629     1201675
1122191     1112766     1107055     1111831     1109252
7874891     7827770     7784269     7757158     7747750
1614937     1580750     1547115     1519933     1515069
18140894    18082032    18029532    18002855    17990778
6947412     6831850     6748135     6656987     6632448
637229      635427      634199      637364      638800
11070385    11007609    10933683    10861837    10847115
3228829     3204174     3166471     3147105     3145576
3034490     2973934     2918745     2858547     2842337
12022128    11980819    11943160    11895604    11882842
997852     1000571     1003990     1004649     1003464
3634507     3600576     3559470     3499064     3486310
716258      708698      701445      696667      696004
5085666     5013999     4946886     4890626     4877203
17996764    17650479    17339904    17044714    16986335
1875993     1821498     1771941     1729722     1722850
574004      570115      567141      564526      562758
6464795     6383315     6283853     6213526     6189197
5247704     5139011     5013443     4900780     4866669
1816179     1805462     1798212     1792481     1793477
5055318     5004636     4952675     4902265     4891954
469033      463491      457739      453401      453589